Iteration	CPUTime	PhysTime	Travels	Value	AvValue	MinValue	MaxValue	Delta	Criteria	PrevAvRefValue	Progress	CriteriaType	CriteriaVarType	CriteriaPercentage
1	1	0	0.025	279.427856	279.427856	279.427856	279.427856	0	0	0	0	0	0	3
2	1	0	0.05	280.405658	279.916757	279.427856	280.405658	0.488900963	0	0	0	0	0	3
3	1	0	0.075	282.853974	280.89583	279.427856	282.853974	1.46797343	0	0	0	0	0	3
4	1	0	0.1	285.124412	281.952975	279.427856	285.124412	2.52511899	0	0	0	0	0	3
5	2	0	0.125	286.394415	282.841263	279.427856	286.394415	3.41340692	0	0	0	0	0	3
6	2	0	0.15	286.959006	283.527554	279.427856	286.959006	4.09969749	0	0	0	0	0	3
7	2	0	0.175	288.179157	284.192068	279.427856	288.179157	4.76421232	0	0	0	0	0	3
8	2	0	0.2	288.491541	284.729502	279.427856	288.491541	5.30164633	0	0	0	0	0	3
9	2	0	0.225	288.521367	285.150821	279.427856	288.521367	5.72296464	0	0	0	0	0	3
10	2	0	0.25	288.907712	285.52651	279.427856	288.907712	6.0986538	0	0	0	0	0	3
11	2	0	0.275	289.223414	285.862592	279.427856	289.223414	6.434736	0	0	0	0	0	3
12	2	0	0.3	289.239993	286.144042	279.427856	289.239993	6.71618612	0	0	0	0	0	3
13	2	0	0.325	289.519482	286.403691	279.427856	289.519482	6.97583531	0	0	0	0	0	3
14	2	0	0.35	289.636009	286.634571	279.427856	289.636009	7.20671515	0	0	0	0	0	3
15	3	0	0.375	289.53506	286.827937	279.427856	289.636009	7.40008108	0	0	0	0	0	3
16	3	0	0.4	289.804562	287.013976	279.427856	289.804562	7.58612013	0	0	0	0	0	3
17	3	0	0.425	289.861066	287.181452	279.427856	289.861066	7.75359599	0	0	0	0	0	3
18	3	0	0.45	289.848486	287.329621	279.427856	289.861066	7.90176452	0	0	0	0	0	3
19	3	0	0.475	290.312331	287.486605	279.427856	290.312331	8.05874925	0	0	0	0	0	3
20	3	0	0.5	291.148122	287.669681	279.427856	291.148122	8.24182511	0	0	0	0	0	3
21	3	0	0.525	291.234977	288.260037	280.405658	291.234977	8.34328017	0	0	0	0	0	3
22	3	0	0.55	291.142604	288.796885	282.853974	291.234977	7.90105501	0	0	0	0	0	3
23	3	0	0.575	291.694647	289.238918	285.124412	291.694647	6.57023567	0	0	0	0	0	3
24	3	0	0.6	291.746241	289.57001	286.394415	291.746241	5.35182613	0	0	0	0	0	3
25	4	0	0.625	291.833207	289.841949	286.959006	291.833207	4.87420072	0	0	0	0	0	3
26	4	0	0.65	292.221622	290.10508	288.179157	292.221622	4.04246475	0	0	0	0	0	3
27	4	0	0.675	292.878896	290.340067	288.491541	292.878896	4.38735543	0	0	0	0	0	3
28	4	0	0.7	292.976456	290.564313	288.521367	292.976456	4.45508871	0	0	0	0	0	3
29	4	0	0.725	293.059134	290.791201	288.907712	293.059134	4.15142146	0	0	0	0	0	3
30	4	0	0.75	293.277932	291.009712	289.223414	293.277932	4.05451762	0	0	0	0	0	3
31	4	0	0.775	293.42026	291.219554	289.239993	293.42026	4.1802666	0	0	0	0	0	3
32	4	0	0.8	293.716378	291.443374	289.519482	293.716378	4.19689643	0	0	0	0	0	3
33	4	0	0.825	294.0643	291.670614	289.53506	294.0643	4.52923921	0	0	0	0	0	3
34	4	0	0.85	294.619873	291.919808	289.53506	294.619873	5.08481223	0	0	0	0	0	3
35	5	0	0.875	294.862384	292.186174	289.804562	294.862384	5.05782211	0	0	0	0	0	3
36	5	0	0.9	295.341927	292.463042	289.848486	295.341927	5.28158998	0	0	0	0	0	3
37	5	0	0.925	295.721954	292.756086	289.848486	295.721954	5.42646588	0	0	0	0	0	3
38	5	0	0.95	296.268798	293.077102	290.312331	296.268798	5.59049677	0	0	0	0	0	3
39	5	0	0.975	296.649566	293.393964	291.142604	296.649566	5.50696201	0	0	0	0	0	3
40	5	0	1	297.057342	293.689425	291.142604	297.057342	5.42938765	1.89103635	0	34.8	0	0	3
41	5	0	1.025	297.534714	294.004412	291.142604	297.534714	5.20752719	1.9545936	0	37.5	0	0	3
42	5	0	1.05	297.950706	294.344817	291.694647	297.950706	5.10589863	1.98228621	0	38.8	0	0	3
43	5	0	1.075	298.431706	294.68167	291.746241	298.431706	5.11166011	1.91210186	0	37.4	0	0	3
44	5	0	1.1	298.975964	294.88616	291.746241	298.975964	5.31615028	1.89103635	0	35.5	0	0	3
45	6	0	1.125	300.026398	295.280453	291.833207	300.026398	5.43850385	1.89103635	0	34.7	0	0	3
46	6	0	1.15	300.985733	295.716288	292.221622	300.985733	5.61120763	1.89103635	0	33.7	0	0	3
47	6	0	1.175	301.982832	296.181107	292.878896	301.982832	5.8410402	1.89103635	0	32.3	0	0	3
48	6	0	1.2	302.98344	296.662276	292.976456	302.98344	6.09796321	1.89103635	0	31	0	0	3
49	6	0	1.225	304.025178	297.188406	293.059134	304.025178	6.39720451	1.89103635	0	29.5	0	0	3
50	6	0	1.25	305.122678	297.76286	293.277932	305.122678	6.75314804	1.90090345	0	28.1	0	0	3
51	6	0	1.275	306.121938	298.374479	293.42026	306.121938	7.15492508	1.93262763	0	27	0	0	3
52	6	0	1.3	307.196739	299.030502	293.716378	307.196739	7.58712865	1.97080542	0	25.9	0	0	3
53	6	0	1.325	308.297672	299.72485	294.0643	308.297672	8.05423507	2.01152256	0	24.9	0	0	3
54	6	0	1.35	309.312923	300.450974	294.619873	309.312923	8.53116681	2.05592985	0	24	0	0	3
55	7	0	1.375	310.355253	301.200278	294.862384	310.355253	9.01410446	2.10366789	0	23.3	0	0	3
56	7	0	1.4	311.52299	301.99364	295.341927	311.52299	9.53059841	2.15291312	0	22.5	0	0	3
57	7	0	1.425	312.647603	302.81772	295.721954	312.647603	10.0616338	2.20482849	0	21.9	0	0	3
58	7	0	1.45	313.950138	303.685729	296.268798	313.950138	10.6086269	2.26060991	0	21.3	0	0	3
59	7	0	1.475	315.223832	304.58835	296.649566	315.223832	11.1943858	2.31619451	0	20.6	0	0	3
60	7	0	1.5	316.716147	305.543901	297.057342	316.716147	11.8544763	2.37062786	0	19.9	0	0	3
61	7	0	1.525	318.421001	306.561218	297.534714	318.421001	12.5568065	2.43068585	0	19.3	0	0	3
62	7	0	1.55	320.126009	307.636994	297.950706	320.126009	13.2921774	2.49560243	0	18.7	0	0	3
63	7	0	1.575	321.945306	308.779594	298.431706	321.945306	14.0979245	2.56220983	0	18.1	0	0	3
64	7	0	1.6	323.842432	309.989629	298.975964	323.842432	15.1034688	2.6335047	0	17.4	0	0	3
65	8	0	1.625	325.981345	311.275599	300.026398	325.981345	15.9951462	2.71002384	0	16.9	0	0	3
66	8	0	1.65	327.933671	312.604517	300.985733	327.933671	16.8882294	2.78866531	0	16.5	0	0	3
67	8	0	1.675	329.778471	313.9756	301.982832	329.778471	17.7944927	2.86733732	0	16.1	0	0	3
68	8	0	1.7	331.657249	315.388667	302.98344	331.657249	18.7263914	2.94885959	0	15.7	0	0	3
69	8	0	1.725	333.074261	316.821564	304.025178	333.074261	19.633158	3.0308856	0	15.4	0	0	3
70	8	0	1.75	334.472991	318.271459	305.122678	334.472991	20.5085993	3.11267975	0	15.1	0	0	3
71	8	0	1.775	335.985984	319.741141	306.121938	335.985984	21.3666612	3.19508365	0	14.9	0	0	3
72	8	0	1.8	337.385623	321.229888	307.196739	337.385623	22.1993853	3.27692863	0	14.7	0	0	3
73	8	0	1.825	338.526465	322.721779	308.297672	338.526465	22.9969297	3.35701239	0	14.5	0	0	3
74	8	0	1.85	339.752267	324.219617	309.312923	339.752267	23.7686427	3.43500988	0	14.4	0	0	3
75	9	0	1.875	341.083957	325.732523	310.355253	341.083957	24.5322452	3.5126936	0	14.3	0	0	3
76	9	0	1.9	342.35346	327.256248	311.52299	342.35346	25.2626071	3.5889831	0	14.2	0	0	3
77	9	0	1.925	343.657272	328.786452	312.647603	343.657272	25.9687312	3.66447297	0	14.1	0	0	3
78	9	0	1.95	344.866189	330.32067	313.950138	344.866189	26.6349409	3.73830938	0	14	0	0	3
79	9	0	1.975	346.145512	331.853783	315.223832	346.145512	27.2654333	3.81142684	0	13.9	0	0	3
80	9	0	2	347.340169	333.383132	316.716147	347.340169	27.8392312	3.88350755	0	13.9	0	0	3
81	9	0	2.025	348.69357	334.905867	318.421001	348.69357	28.3446485	3.95491688	0	13.9	0	0	3
82	9	0	2.05	349.812575	336.400704	320.126009	349.812575	28.7637094	4.02515432	0	13.9	0	0	3
83	9	0	2.075	351.086124	337.874995	321.945306	351.086124	29.0954006	4.09457886	0	14	0	0	3
84	9	0	2.1	352.24868	339.318013	323.842432	352.24868	28.4062485	4.16271864	0	14.6	0	0	3
85	10	0	2.125	353.406194	340.725811	325.981345	353.406194	27.4248488	4.22814681	0	15.4	0	0	3
86	10	0	2.15	354.652591	342.091108	327.933671	354.652591	26.7189198	4.29156113	0	16	0	0	3
87	10	0	2.175	355.735978	343.415028	329.778471	355.735978	25.9575072	4.3525214	0	16.7	0	0	3
88	10	0	2.2	356.917489	344.707362	331.657249	356.917489	25.2602401	4.41144344	0	17.4	0	0	3
89	10	0	2.225	358.027936	345.963109	333.074261	358.027936	24.9536759	4.46814719	0	17.9	0	0	3
90	10	0	2.25	359.113576	347.203076	334.472991	359.113576	24.6405857	4.52255121	0	18.3	0	0	3
91	10	0	2.275	360.289983	348.432457	335.985984	360.289983	24.3039986	4.57528419	0	18.8	0	0	3
92	10	0	2.3	361.310965	349.638408	337.385623	361.310965	23.9253421	4.62585119	0	19.3	0	0	3
93	10	0	2.325	362.497384	350.834206	338.526465	362.497384	23.9709188	4.67472475	0	19.5	0	0	3
94	10	0	2.35	363.530677	352.024883	339.752267	363.530677	23.7784103	4.72183266	0	19.8	0	0	3
95	11	0	2.375	364.627075	353.209398	341.083957	364.627075	23.5431184	4.76735843	0	20.2	0	0	3
96	11	0	2.4	365.623965	354.37797	342.35346	365.623965	23.270505	4.8108521	0	20.6	0	0	3
97	11	0	2.425	366.697307	355.537201	343.657272	366.697307	23.0400344	4.85269992	0	21	0	0	3
98	11	0	2.45	367.725085	356.683287	344.866189	367.725085	22.8588961	4.89247399	0	21.4	0	0	3
99	11	0	2.475	368.672111	357.816902	346.145512	368.672111	22.5265994	4.93016264	0	21.8	0	0	3
100	11	0	2.5	369.746995	358.940782	347.340169	369.746995	22.4068263	4.96566871	0	22.1	0	0	3
101	11	0	2.525	370.705135	360.0534	348.69357	370.705135	22.0115653	4.99838086	0	22.7	0	0	3
102	11	0	2.55	371.66525	361.147289	349.812575	371.66525	21.8526751	5.02843817	0	23	0	0	3
103	12	0	2.575	372.731486	362.238666	351.086124	372.731486	21.6453616	5.05594982	0	23.3	0	0	3
104	12	0	2.6	373.706057	363.315806	352.24868	373.706057	21.4573763	5.08068253	0	23.6	0	0	3
105	12	0	2.625	374.730673	364.386377	353.406194	374.730673	21.3244788	5.1023718	0	23.9	0	0	3
106	12	0	2.65	375.667203	365.446425	354.652591	375.667203	21.0146125	5.12135469	0	24.3	0	0	3
107	12	0	2.675	376.721138	366.497308	355.735978	376.721138	20.9851599	5.13819935	0	24.4	0	0	3
108	12	0	2.7	377.741909	367.545209	356.917489	377.741909	20.8244197	5.15286865	0	24.7	0	0	3
109	12	0	2.725	378.690657	368.582027	358.027936	378.690657	20.6627206	5.1662092	0	25	0	0	3
110	12	0	2.75	379.650837	369.611689	359.113576	379.650837	20.5372609	5.17833448	0	25.2	0	0	3
111	12	0	2.775	380.719457	370.64054	360.289983	380.719457	20.4294745	5.1892849	0	25.4	0	0	3
112	12	0	2.8	381.733427	371.661657	361.310965	381.733427	20.4224619	5.19921798	0	25.4	0	0	3
113	13	0	2.825	382.641436	372.677394	362.497384	382.641436	20.1440528	5.20845428	0	25.8	0	0	3
114	13	0	2.85	383.625207	373.68348	363.530677	383.625207	20.0945294	5.21700548	0	25.9	0	0	3
115	13	0	2.875	384.641822	374.688773	364.627075	384.641822	20.0147469	5.22476933	0	26.1	0	0	3
116	13	0	2.9	385.33756	375.674987	365.623965	385.33756	19.7135953	5.23132372	0	26.5	0	0	3
117	13	0	2.925	386.335357	376.661243	366.697307	386.335357	19.6380505	5.23717874	0	26.6	0	0	3
118	13	0	2.95	387.178567	377.636541	367.725085	387.178567	19.4534825	5.2422594	0	26.9	0	0	3
119	13	0	2.975	387.831559	378.593993	368.672111	387.831559	19.1594475	5.24615586	0	27.3	0	0	3
120	13	0	3	388.627569	379.544252	369.746995	388.627569	18.8805736	5.24929147	0	27.8	0	0	3
121	13	0	3.025	389.433301	380.481696	370.705135	389.433301	18.7281655	5.25144945	0	28	0	0	3
122	14	0	3.05	390.025153	381.401696	371.66525	390.025153	18.3599026	5.25269888	0	28.6	0	0	3
123	14	0	3.075	390.680674	382.307193	372.731486	390.680674	17.9491881	5.25292682	0	29.2	0	0	3
124	14	0	3.1	391.314249	383.192086	373.706057	391.314249	17.6081924	5.25231091	0	29.8	0	0	3
125	14	0	3.125	391.762579	384.051921	374.730673	391.762579	17.0319061	5.25059865	0	30.8	0	0	3
126	14	0	3.15	392.217216	384.884613	375.667203	392.217216	16.5500131	5.24770046	0	31.7	0	0	3
127	14	0	3.175	392.428935	385.682791	376.721138	392.428935	15.7077967	5.24353494	0	33.3	0	0	3
128	14	0	3.2	392.351034	386.427072	377.741909	392.428935	14.6870257	5.23767652	0	35.6	0	0	3
129	14	0	3.225	392.610165	387.135084	378.690657	392.610165	13.9195081	5.23055968	0	37.5	0	0	3
130	14	0	3.25	392.651231	387.799873	379.650837	392.651231	13.000394	5.22205572	0	40.1	0	0	3
131	15	0	3.275	392.740753	388.423202	380.719457	392.740753	12.0212959	5.21214847	0	43.3	0	0	3
132	15	0	3.3	393.195943	389.017321	381.733427	393.195943	11.462516	5.20163779	0	45.3	0	0	3
133	15	0	3.325	393.492878	389.577295	382.641436	393.492878	10.8514421	5.19007975	0	47.8	0	0	3
134	15	0	3.35	393.88713	390.112804	383.625207	393.88713	10.2619234	5.1778625	0	50.4	0	0	3
135	15	0	3.375	394.344057	390.623225	384.641822	394.344057	9.70223527	5.16500625	0	53.2	0	0	3
136	15	0	3.4	394.867908	391.110182	385.33756	394.867908	9.53034829	5.1517618	0	54	0	0	3
137	15	0	3.425	395.510281	391.594597	386.335357	395.510281	9.17492365	5.13819888	0	56	0	0	3
138	15	0	3.45	396.238805	392.06619	387.178567	396.238805	9.06023815	5.12450621	0	56.5	0	0	3
139	15	0	3.475	397.129381	392.540038	387.831559	397.129381	9.2978223	5.11101424	0	54.9	0	0	3
140	16	0	3.5	398.12198	393.030058	388.627569	398.12198	9.49441111	5.09768255	0	53.6	0	0	3
141	16	0	3.525	399.217238	393.534328	389.433301	399.217238	9.78393706	5.08479561	0	51.9	0	0	3
142	16	0	3.55	400.36592	394.054929	390.025153	400.36592	10.3407672	5.07240748	0	49	0	0	3
143	16	0	3.575	401.624652	394.607286	390.680674	401.624652	10.9439781	5.06050873	0	46.2	0	0	3
144	16	0	3.6	402.953457	395.191704	391.314249	402.953457	11.6392076	5.04929229	0	43.3	0	0	3
145	16	0	3.625	404.304828	395.810303	391.762579	404.304828	11.7583827	5.03870382	0	42.8	0	0	3
146	16	0	3.65	405.646388	396.471437	392.217216	405.646388	11.5868239	5.02882387	0	43.4	0	0	3
147	16	0	3.675	407.014057	397.176049	392.351034	407.014057	11.4932577	5.01951896	0	43.6	0	0	3
148	16	0	3.7	408.351368	397.93426	392.351034	408.351368	11.507188	5.0107766	0	43.5	0	0	3
149	17	0	3.725	409.611469	398.756185	392.610165	409.611469	11.6211013	5.00257495	0	43	0	0	3
150	17	0	3.75	410.817514	399.623202	392.651231	410.817514	11.8233287	4.99482001	0	42.2	0	0	3
151	17	0	3.775	411.992854	400.544231	392.740753	411.992854	12.121029	4.9873328	0	41.1	0	0	3
152	17	0	3.8	413.111126	401.514249	393.195943	413.111126	12.4969284	4.98010328	0	39.8	0	0	3
153	17	0	3.825	414.164044	402.51273	393.492878	414.164044	12.9354355	4.97317246	0	38.4	0	0	3
154	17	0	3.85	415.140559	403.543572	393.88713	415.140559	13.4307683	4.96635475	0	36.9	0	0	3
155	17	0	3.875	416.037186	404.598337	394.344057	416.037186	13.9751114	4.9595167	0	35.4	0	0	3
156	17	0	3.9	416.89691	405.672282	394.867908	416.89691	14.5621003	4.95298476	0	34	0	0	3
157	17	0	3.925	417.7069	406.759853	395.510281	417.7069	15.165256	4.94635077	0	32.6	0	0	3
158	18	0	3.95	418.453945	407.852409	396.238805	418.453945	15.7862187	4.93972071	0	31.2	0	0	3
159	18	0	3.975	419.157034	408.943753	397.129381	419.157034	16.4037147	4.93325813	0	30	0	0	3
160	18	0	4	419.796101	410.02312	398.12198	419.796101	16.9930622	4.92672913	0	28.9	0	0	3
