Iteration	CPUTime	PhysTime	Travels	Value	AvValue	MinValue	MaxValue	Delta	Criteria	PrevAvRefValue	Progress	CriteriaType	CriteriaVarType	CriteriaPercentage
1	1	0	0.025	125585.293	125585.293	125585.293	125585.293	0	0	0	0	0	0	3
2	1	0	0.05	122780.521	124182.907	122780.521	125585.293	1402.38583	0	0	0	0	0	3
3	1	0	0.075	128014.315	125460.043	122780.521	128014.315	1402.38583	0	0	0	0	0	3
4	1	0	0.1	138094.322	128618.613	122780.521	138094.322	4435.70594	0	0	0	0	0	3
5	2	0	0.125	147396.434	132374.177	122780.521	147396.434	8191.27008	0	0	0	0	0	3
6	2	0	0.15	150301.122	135362.001	122780.521	150301.122	11179.0942	0	0	0	0	0	3
7	2	0	0.175	159084.174	138750.883	122780.521	159084.174	14567.976	0	0	0	0	0	3
8	2	0	0.2	163326.98	141822.895	122780.521	163326.98	17639.9882	0	0	0	0	0	3
9	2	0	0.225	158970.473	143728.182	122780.521	163326.98	19545.2746	0	0	0	0	0	3
10	2	0	0.25	158591.704	145214.534	122780.521	163326.98	21031.6268	0	0	0	0	0	3
11	2	0	0.275	160867.518	146637.532	122780.521	163326.98	22454.6253	0	0	0	0	0	3
12	2	0	0.3	153634.628	147220.624	122780.521	163326.98	23037.7167	0	0	0	0	0	3
13	2	0	0.325	152868.835	147655.101	122780.521	163326.98	23472.1945	0	0	0	0	0	3
14	2	0	0.35	152089.848	147971.869	122780.521	163326.98	23788.9621	0	0	0	0	0	3
15	3	0	0.375	146080.212	147845.759	122780.521	163326.98	23788.9621	0	0	0	0	0	3
16	3	0	0.4	145909.164	147724.721	122780.521	163326.98	23788.9621	0	0	0	0	0	3
17	3	0	0.425	145130.943	147572.146	122780.521	163326.98	23788.9621	0	0	0	0	0	3
18	3	0	0.45	142212.883	147274.409	122780.521	163326.98	23788.9621	0	0	0	0	0	3
19	3	0	0.475	149135.552	147372.364	122780.521	163326.98	23788.9621	0	0	0	0	0	3
20	3	0	0.5	157364.008	147871.946	122780.521	163326.98	23788.9621	0	0	0	0	0	3
21	3	0	0.525	160824.554	149633.91	122780.521	163326.98	25451.0026	0	0	0	0	0	3
22	3	0	0.55	153212.957	151155.531	128014.315	163326.98	25695.4882	0	0	0	0	0	3
23	3	0	0.575	152332.359	152371.434	138094.322	163326.98	23752.8206	0	0	0	0	0	3
24	3	0	0.6	152959.558	153114.695	142212.883	163326.98	20740.5183	0	0	0	0	0	3
25	4	0	0.625	150086.018	153249.175	142212.883	163326.98	17887.1734	0	0	0	0	0	3
26	4	0	0.65	158112.761	153639.757	142212.883	163326.98	14888.8735	0	0	0	0	0	3
27	4	0	0.675	163614.663	153866.281	142212.883	163614.663	12043.3858	0	0	0	0	0	3
28	4	0	0.7	166053.109	154002.587	142212.883	166053.109	10274.4059	0	0	0	0	0	3
29	4	0	0.725	159070.612	154007.594	142212.883	166053.109	8793.06059	0	0	0	0	0	3
30	4	0	0.75	155381.657	153847.092	142212.883	166053.109	7370.06206	0	0	0	0	0	3
31	4	0	0.775	151055.803	153356.506	142212.883	166053.109	6786.97074	0	0	0	0	0	3
32	4	0	0.8	148327.635	153091.157	142212.883	166053.109	6733.18498	0	0	0	0	0	3
33	4	0	0.825	156769.338	153286.182	142212.883	166053.109	6733.18498	0	0	0	0	0	3
34	4	0	0.85	166295.595	153996.469	142212.883	166295.595	6733.18498	0	0	0	0	0	3
35	5	0	0.875	167331.294	155059.023	142212.883	167331.294	7784.6139	0	0	0	0	0	3
36	5	0	0.9	164051.824	155966.156	142212.883	167331.294	8691.7469	0	0	0	0	0	3
37	5	0	0.925	171886.985	157303.958	142212.883	171886.985	10029.549	0	0	0	0	0	3
38	5	0	0.95	172199.507	158803.29	148327.635	172199.507	11430.9253	0	0	0	0	0	3
39	5	0	0.975	169915.005	159842.262	148327.635	172199.507	11970.3157	0	0	0	0	0	3
40	5	0	1	164191.361	160183.63	148327.635	172199.507	10549.7203	5882.81635	0	55.7	0	0	3
41	5	0	1.025	172549.886	160769.896	148327.635	172549.886	9614.36509	5929.46588	0	61.6	0	0	3
42	5	0	1.05	167203.884	161469.443	148327.635	172549.886	9098.00926	5929.46588	0	65.1	0	0	3
43	5	0	1.075	160966.174	161901.134	148327.635	172549.886	8809.97684	5882.81635	0	66.7	0	0	3
44	5	0	1.1	152984.318	161476.523	148327.635	172549.886	8809.97684	5882.81635	0	66.7	0	0	3
45	6	0	1.125	148198.072	161249.786	148198.072	172549.886	8809.97684	5882.81635	0	66.7	0	0	3
46	6	0	1.15	141653.705	160848.247	141653.705	172549.886	8809.97684	5882.81635	0	66.7	0	0	3
47	6	0	1.175	136902.764	159838.247	136902.764	172549.886	8809.97684	5882.81635	0	66.7	0	0	3
48	6	0	1.2	131494.761	158308.728	131494.761	172549.886	8809.97684	5882.81635	0	66.7	0	0	3
49	6	0	1.225	127824.957	156488.34	127824.957	172549.886	8809.97684	5882.81635	0	66.7	0	0	3
50	6	0	1.25	124716.469	154852.428	124716.469	172549.886	8809.97684	5882.81635	0	66.7	0	0	3
51	6	0	1.275	120072.165	153171.024	120072.165	172549.886	8809.97684	5882.81635	0	66.7	0	0	3
52	6	0	1.3	119252.805	151656.595	119252.805	172549.886	10244.538	5882.81635	0	57.4	0	0	3
53	6	0	1.325	120391.741	150326.315	119252.805	172549.886	11574.8187	5882.81635	0	50.8	0	0	3
54	6	0	1.35	118407.709	148499.571	118407.709	172549.886	13401.5629	5882.81635	0	43.8	0	0	3
55	7	0	1.375	119693.737	146280.434	118407.709	172549.886	15620.6991	5882.81635	0	37.6	0	0	3
56	7	0	1.4	121259.358	144086.533	118407.709	172549.886	17814.6008	5882.81635	0	33	0	0	3
57	7	0	1.425	119573.965	141968.539	118407.709	172549.886	19932.5941	5952.1261	0	29.8	0	0	3
58	7	0	1.45	121114.58	139550.806	118407.709	172549.886	22350.3277	6021.92406	0	26.9	0	0	3
59	7	0	1.475	119126.572	137023.523	118407.709	172549.886	24877.6103	6084.37487	0	24.4	0	0	3
60	7	0	1.5	119052.934	134601.52	118407.709	172549.886	27299.6136	6140.5806	0	22.4	0	0	3
61	7	0	1.525	120343.855	132513.543	118407.709	172549.886	29387.5901	6191.4334	0	21	0	0	3
62	7	0	1.55	119102.592	129968.434	118407.709	167203.884	31932.6994	6237.66322	0	19.5	0	0	3
63	7	0	1.575	117368.761	127595.333	117368.761	160966.174	34305.8005	6285.88721	0	18.3	0	0	3
64	7	0	1.6	117000.868	125501.747	117000.868	152984.318	35974.7762	6332.13342	0	17.6	0	0	3
65	8	0	1.625	119397.994	123902.398	117000.868	148198.072	31197.204	6374.67993	0	20.4	0	0	3
66	8	0	1.65	120046.706	122561.857	117000.868	141653.705	24652.8372	6413.95364	0	26	0	0	3
67	8	0	1.675	117172.733	121396.096	117000.868	136902.764	19901.8961	6450.31818	0	32.4	0	0	3
68	8	0	1.7	123142.598	120740.85	117000.868	131494.761	14493.8924	6484.08525	0	44.7	0	0	3
69	8	0	1.725	118103.481	120103.17	117000.868	127824.957	10824.0893	6515.52356	0	60.1	0	0	3
70	8	0	1.75	115911.853	119535.88	115911.853	124716.469	8804.61576	6549.69903	0	74.3	0	0	3
71	8	0	1.775	117979.843	119215.088	115911.853	123142.598	7230.7453	6581.66964	0	91	0	0	3
72	8	0	1.8	121533.062	119284.655	115911.853	123142.598	7230.7453	6611.64208	0	91.4	0	0	3
73	8	0	1.825	116801.858	119167.943	115911.853	123142.598	7230.7453	6639.79801	0	91.8	0	0	3
74	8	0	1.85	116342.214	118975.108	115911.853	123142.598	7230.7453	6666.2977	0	92.1	0	0	3
75	9	0	1.875	116452.018	118881.98	115911.853	123142.598	7230.7453	6691.28313	0	92.5	0	0	3
76	9	0	1.9	115814.061	118697.233	115814.061	123142.598	7328.53759	6715.24215	0	91.6	0	0	3
77	9	0	1.925	118188.29	118550.992	115814.061	123142.598	7328.53759	6737.90609	0	91.9	0	0	3
78	9	0	1.95	115692.816	118366.176	115692.816	123142.598	7449.78207	6759.80199	0	90.7	0	0	3
79	9	0	1.975	116548.262	118148.732	115692.816	123142.598	7449.78207	6780.57502	0	91	0	0	3
80	9	0	2	114809.897	117943.176	114809.897	123142.598	8332.7016	6803.2482	0	81.6	0	0	3
81	9	0	2.025	116749.896	117833.507	114809.897	123142.598	8332.7016	6824.81537	0	81.9	0	0	3
82	9	0	2.05	114858.16	117572.284	114809.897	123142.598	8332.7016	6828.40871	0	81.9	0	0	3
83	9	0	2.075	116172.104	117432.737	114809.897	123142.598	8332.7016	6812.52122	0	81.7	0	0	3
84	9	0	2.1	115328.239	117335.569	114809.897	123142.598	8166.17793	6773.20352	0	82.9	0	0	3
85	10	0	2.125	116087.829	117292.091	114809.897	123142.598	6610.30722	6721.47237	0	100	0	0	3
86	10	0	2.15	115454.748	117104.317	114809.897	123142.598	5457.53954	6653.04872	0	100	0	0	3
87	10	0	2.175	115199.927	116873.518	114809.897	123142.598	4522.57791	6574.07842	0	100	0	0	3
88	10	0	2.2	115409.508	116789.555	114809.897	123142.598	3951.29496	6483.39809	0	100	0	0	3
89	10	0	2.225	115545.849	116427.805	114809.897	121533.062	3675.36494	6386.44763	0	100	0	0	3
90	10	0	2.25	113814.347	116223.561	113814.347	121533.062	3312.31872	6287.74884	0	100	0	0	3
91	10	0	2.275	115421.833	116200.227	113814.347	121533.062	3084.42784	6188.81188	0	100	0	0	3
92	10	0	2.3	114270.781	116023.605	113814.347	121533.062	3261.04985	6093.68017	0	100	0	0	3
93	10	0	2.325	115164.444	115720.337	113814.347	118188.29	3447.60562	6002.13835	0	100	0	0	3
94	10	0	2.35	115294.02	115648.535	113814.347	118188.29	3326.57277	5913.98696	0	100	0	0	3
95	11	0	2.375	114269.522	115549.836	113814.347	118188.29	3332.14424	5882.81635	0	100	0	0	3
96	11	0	2.4	114496.44	115456.713	113814.347	118188.29	3240.52053	5882.81635	0	100	0	0	3
97	11	0	2.425	114771.901	115407.086	113814.347	118188.29	3143.90584	5882.81635	0	100	0	0	3
98	11	0	2.45	115364.889	115272.639	113814.347	116749.896	2935.54908	5882.81635	0	100	0	0	3
99	11	0	2.475	113658.415	115175.762	113658.415	116749.896	2972.96947	5882.81635	0	100	0	0	3
100	11	0	2.5	115222.081	115112.611	113658.415	116749.896	2830.56501	5882.81635	0	100	0	0	3
101	11	0	2.525	115241.126	115133.146	113658.415	116749.896	2720.8965	5882.81635	0	100	0	0	3
102	11	0	2.55	113841.198	114994.636	113658.415	116172.104	2513.68913	5882.81635	0	100	0	0	3
103	12	0	2.575	114677.624	114986.039	113658.415	116172.104	2446.69753	5882.81635	0	100	0	0	3
104	12	0	2.6	114693.295	114915.62	113658.415	116087.829	2419.94936	5882.81635	0	100	0	0	3
105	12	0	2.625	115055.119	114902.614	113658.415	116087.829	2389.47699	5882.81635	0	100	0	0	3
106	12	0	2.65	113989.237	114802.681	113658.415	115545.849	1887.43372	5882.81635	0	100	0	0	3
107	12	0	2.675	115076.497	114784.669	113658.415	115545.849	1887.43372	5882.81635	0	100	0	0	3
108	12	0	2.7	115218.223	114785.54	113658.415	115545.849	1887.43372	5882.81635	0	100	0	0	3
109	12	0	2.725	115113.368	114771.438	113658.415	115545.849	1656.36698	5882.81635	0	100	0	0	3
110	12	0	2.75	113103.243	114655.124	113103.243	115421.833	1568.43708	5882.81635	0	100	0	0	3
111	12	0	2.775	114962.717	114709.808	113103.243	115421.833	1545.10281	5882.81635	0	100	0	0	3
112	12	0	2.8	116076.867	114741	113103.243	116076.867	1368.48079	5882.81635	0	100	0	0	3
113	13	0	2.825	113508.693	114704.71	113103.243	116076.867	1065.21327	5882.81635	0	100	0	0	3
114	13	0	2.85	114715.339	114683.324	113103.243	116076.867	993.411477	5882.81635	0	100	0	0	3
115	13	0	2.875	116363.143	114734.235	113103.243	116363.143	894.711844	5882.81635	0	100	0	0	3
116	13	0	2.9	112949.902	114671.396	112949.902	116363.143	801.589078	5882.81635	0	100	0	0	3
117	13	0	2.925	114862.711	114688.837	112949.902	116363.143	751.962415	5882.81635	0	100	0	0	3
118	13	0	2.95	115475.596	114722.347	112949.902	116363.143	617.514766	5882.81635	0	100	0	0	3
119	13	0	2.975	112774.919	114599.015	112774.919	116363.143	576.747555	5882.81635	0	100	0	0	3
120	13	0	3	113885.943	114609.85	112774.919	116363.143	534.130786	5882.81635	0	100	0	0	3
121	13	0	3.025	114888.573	114593.968	112774.919	116363.143	539.177468	5882.81635	0	100	0	0	3
122	14	0	3.05	113139.521	114493.892	112774.919	116363.143	500.744451	5882.81635	0	100	0	0	3
123	14	0	3.075	113967.311	114499.897	112774.919	116363.143	492.147509	5882.81635	0	100	0	0	3
124	14	0	3.1	114934.422	114512.126	112774.919	116363.143	421.727999	5882.81635	0	100	0	0	3
125	14	0	3.125	112825.368	114423.177	112774.919	116363.143	479.43729	5882.81635	0	100	0	0	3
126	14	0	3.15	113513.456	114349.764	112774.919	116363.143	452.916894	5882.81635	0	100	0	0	3
127	14	0	3.175	113402.194	114321.81	112774.919	116363.143	463.730605	5882.81635	0	100	0	0	3
128	14	0	3.2	113521.637	114247.769	112774.919	116363.143	537.771566	5882.81635	0	100	0	0	3
129	14	0	3.225	114558.101	114216.334	112774.919	116363.143	555.104051	5882.81635	0	100	0	0	3
130	14	0	3.25	113788.962	114153.267	112774.919	116363.143	587.732801	5882.81635	0	100	0	0	3
131	15	0	3.275	113876.47	114190.088	112774.919	116363.143	587.732801	5882.81635	0	100	0	0	3
132	15	0	3.3	115298.758	114206.09	112774.919	116363.143	587.732801	5882.81635	0	100	0	0	3
133	15	0	3.325	115030.83	114156.278	112774.919	116363.143	580.967562	5882.81635	0	100	0	0	3
134	15	0	3.35	114900.621	114222.561	112774.919	116363.143	580.967562	5882.81635	0	100	0	0	3
135	15	0	3.375	114523.587	114213.43	112774.919	116363.143	580.967562	5882.81635	0	100	0	0	3
136	15	0	3.4	113815.606	114092.118	112774.919	115475.596	630.228324	5882.81635	0	100	0	0	3
137	15	0	3.425	113143.318	114101.329	112774.919	115475.596	630.228324	5882.81635	0	100	0	0	3
138	15	0	3.45	112531.513	113990.319	112531.513	115475.596	732.027455	5882.81635	0	100	0	0	3
139	15	0	3.475	112266.65	113837.512	112266.65	115298.758	772.33717	5882.81635	0	100	0	0	3
140	16	0	3.5	112046.462	113802.824	112046.462	115298.758	807.025621	5882.81635	0	100	0	0	3
141	16	0	3.525	111914.736	113708.957	111914.736	115298.758	885.011258	5882.81635	0	100	0	0	3
142	16	0	3.55	111759.242	113559.941	111759.242	115298.758	952.184466	5882.81635	0	100	0	0	3
143	16	0	3.575	111707.924	113491.77	111707.924	115298.758	1020.35574	5882.81635	0	100	0	0	3
144	16	0	3.6	111746.237	113386.004	111707.924	115298.758	1126.12117	5882.81635	0	100	0	0	3
145	16	0	3.625	111663.445	113230.244	111663.445	115298.758	1192.9331	5882.81635	0	100	0	0	3
146	16	0	3.65	111531.428	113168.627	111531.428	115298.758	1181.13673	5882.81635	0	100	0	0	3
147	16	0	3.675	111624.773	113078.69	111531.428	115298.758	1243.11956	5882.81635	0	100	0	0	3
148	16	0	3.7	111608.924	112993.296	111531.428	115298.758	1254.47239	5882.81635	0	100	0	0	3
149	17	0	3.725	111563.266	112900.041	111531.428	115298.758	1322.52012	5882.81635	0	100	0	0	3
150	17	0	3.75	111517.323	112755.242	111517.323	115298.758	1467.31904	5882.81635	0	100	0	0	3
151	17	0	3.775	111548.826	112648.569	111517.323	115298.758	1573.9922	5882.81635	0	100	0	0	3
152	17	0	3.8	111545.502	112537.57	111517.323	115298.758	1684.99068	5882.81635	0	100	0	0	3
153	17	0	3.825	111542.69	112358.71	111517.323	115030.83	1863.85108	5882.81635	0	100	0	0	3
154	17	0	3.85	111528.724	112191.943	111517.323	114900.621	2030.61803	5882.81635	0	100	0	0	3
155	17	0	3.875	111354.337	112023.072	111354.337	114523.587	2190.35763	5882.81635	0	100	0	0	3
156	17	0	3.9	111258.327	111867.583	111258.327	113815.606	2233.74523	5882.81635	0	100	0	0	3
157	17	0	3.925	111223.496	111744.15	111223.496	113143.318	1919.82223	5882.81635	0	100	0	0	3
158	18	0	3.95	111242.79	111653.648	111223.496	112531.513	1308.0171	5882.81635	0	100	0	0	3
159	18	0	3.975	111246.233	111592.445	111223.496	112266.65	1043.15407	5882.81635	0	100	0	0	3
160	18	0	4	111301.107	111546.466	111223.496	112046.462	822.965954	5882.81635	0	100	0	0	3
